
strategic_region={
	id=288
	name="培根尼亞海域"
	provinces={
		1715 1940 2251 2277 2329 2354 3001 3200 3408 4220 4671 4894 5113 5314 5551 5601 5627 5652 5677 5703 5729 5755 5781 5807 5833 5859 5885 5908 5932 5956 5958 5980 5982 6003 6060 6267 6467 6655 6849 6854 7053 7057 7278 7283 7505 7730 7957 7962 8171 8279 8305 8407 8431 8457 8485 8512 8537 8560 8583 8607 8635 8687 8712 8738 8762 8784 8808 13640 13641 13642 13643 13644 13645 13646 13647 13648 13649 13650 13651 13652 13653 13654 13655 13656 13657 13658 13659 13660 13661 13662 13663 13664 13665 13666
	}
	weather={
	}
}
